974 466
974 466
974 466
974 466
974 466
974 466
974 466
974 466
974 466
974 466
974 466
974 466
974 466
974 466
974 466
974 466
974 466
974 466
974 466
974 466
974 466
974 466
974 466
974 466
974 466
974 466
974 466
974 466
974 466
974 466
974 466
974 461
974 449
977 434
980 421
985 404
988 389
989 377
990 366
991 356
992 348
992 341
992 335
992 330
992 328
991 326
991 323
990 321
990 320
990 319
990 319
990 319
990 319
990 319
990 319
990 319
990 319
990 319
990 319
990 319
990 319
990 319
990 319
990 319
990 319
990 319
990 319
990 319
990 319
990 319
990 319
990 319
990 319
990 319
990 319
990 319
990 319
990 319
989 319
980 312
969 308
956 302
944 298
936 296
933 294
930 294
929 293
928 293
925 292
922 292
920 292
918 291
917 291
913 291
907 290
902 290
898 290
894 292
889 293
885 294
880 294
876 296
873 297
870 298
865 300
860 302
856 304
852 306
849 308
845 309
843 312
839 313
836 316
833 317
829 320
825 321
820 324
816 326
810 329
806 332
803 333
801 334
799 335
797 337
795 338
794 339
790 341
787 343
783 346
780 348
776 350
774 352
772 354
770 355
768 357
765 358
762 361
758 365
754 367
750 370
747 372
743 375
740 378
736 380
733 382
730 384
726 387
721 390
716 392
710 395
704 398
697 401
688 405
681 407
674 409
667 412
657 415
645 417
633 418
623 419
611 419
598 419
585 419
575 418
566 417
555 412
544 408
533 402
524 395
516 389
511 381
507 373
506 362
506 352
508 341
513 334
523 326
543 319
564 314
598 311
631 309
661 309
685 309
704 312
717 316
731 322
740 328
747 334
752 340
755 348
756 355
754 363
748 372
737 382
722 391
706 397
683 406
658 415
632 425
608 434
593 441
575 446
557 449
540 453
522 456
506 457
493 456
481 452
474 446
469 438
466 428
464 413
464 395
466 380
474 363
486 353
499 345
518 338
536 333
562 329
585 326
621 324
651 322
684 322
713 322
728 324
737 326
738 327
739 332
739 340
737 350
730 362
719 378
704 391
681 406
659 420
632 434
611 444
593 451
575 458
556 463
539 466
521 466
505 465
489 460
477 454
464 443
453 432
446 418
440 398
438 378
440 362
449 345
461 332
479 320
505 311
524 308
549 307
574 307
600 313
629 323
650 331
671 338
691 347
702 354
710 365
715 376
718 388
719 400
719 411
713 426
704 437
689 450
672 461
651 471
630 478
612 481
593 484
579 486
565 486
549 484
535 479
520 474
508 468
493 459
481 448
468 435
455 420
444 405
433 388
425 372
417 358
411 345
406 334
402 323
400 311
400 301
400 290
402 281
405 272
409 265
415 258
423 252
436 245
455 238
471 233
491 229
509 228
527 227
541 227
552 227
564 230
576 234
589 239
602 244
612 250
620 258
628 268
634 278
639 288
641 296
642 305
641 316
635 326
627 337
615 346
598 356
579 365
558 372
535 379
516 385
500 388
490 388
481 385
470 377
455 363
438 347
413 322
389 298
365 268
350 241
343 224
336 208
331 197
324 187
316 179
307 170
299 163
289 153
278 144
265 135
257 130
247 122
240 118
232 112
221 106
211 102
196 95
184 89
172 84
159 79
147 73
135 68
126 64
116 61
102 57
86 54
70 51
53 49
38 47
20 46
6 45
